box -1.5397024154663086 2.0 3.5006532669067383 1.0 1.0 1.0 -0.6993206143379211 -0.10464590787887573 -0.10464590787887573 0.6993206143379211
light 101.2904052734375 12.734503746032715 -20.120529174804688 1.0 0.0 0.013827377930283546 1
light -12.784351348876953 12.734502792358398 13.88302230834961 1.0 1.0 1.0 0
player -0.88671875 1.0 14.834003448486328
portal 2 1 100.0 3.5 0.0 2.0 1.0 2.5 0.7071068286895752 -0.7071068286895752 0.0 0.0
portal 1 2 0.0 3.5 0.0 2.0 1.0 2.5 -3.090862321641907e-08 3.090862321641907e-08 0.7071068286895752 0.7071068286895752
wall 2.5 4.0 0.0 0.5 0.5 3.0 -0.7071068286895752 0.0 0.0 0.7071068286895752
wall 0.0 0.0 0.0 20.0 20.0 1.0 -0.7071068286895752 0.0 0.0 0.7071068286895752
wall 0.0 20.0 20.0 20.0 1.0 20.0 -0.7071068286895752 0.0 0.0 0.7071068286895752
wall -2.5 4.0 0.0 0.5 0.5 3.0 -0.7071068286895752 0.0 0.0 0.7071068286895752
wall 0.0 6.5 0.0 2.0 0.5 0.5 -0.7071068286895752 0.0 0.0 0.7071068286895752
wall 0.0 3.5 -0.4000000059604645 2.0 0.10000000149011612 2.5 -0.7071068286895752 0.0 0.0 0.7071068286895752
wall 0.0 20.0 -20.0 20.0 1.0 20.0 -0.7071068286895752 0.0 0.0 0.7071068286895752
wall 0.0 40.0 0.0 20.0 20.0 1.0 -0.7071068286895752 0.0 0.0 0.7071068286895752
wall 20.0 20.0 0.0 1.0 20.0 20.0 -0.7071068286895752 0.0 0.0 0.7071068286895752
wall -20.0 20.0 0.0 1.0 20.0 20.0 -0.7071068286895752 0.0 0.0 0.7071068286895752
wall 102.5 4.0 0.0 0.5 0.5 3.0 -0.7071068286895752 0.0 0.0 0.7071068286895752
wall 100.0 0.0 0.0 20.0 20.0 1.0 -0.6532815098762512 0.27059805393218994 0.27059805393218994 0.6532815098762512
wall 114.14213562011719 20.0 14.142135620117188 20.0 0.9999999403953552 20.0 -0.6532815098762512 0.27059805393218994 0.27059805393218994 0.6532815098762512
wall 97.5 4.0 0.0 0.5 0.5 3.0 -0.7071068286895752 0.0 0.0 0.7071068286895752
wall 100.0 6.5 0.0 2.0 0.5 0.5 -0.7071068286895752 0.0 0.0 0.7071068286895752
wall 85.85786437988281 20.0 -14.142135620117188 20.0 0.9999999403953552 20.0 -0.6532815098762512 0.27059805393218994 0.27059805393218994 0.6532815098762512
wall 100.0 40.0 0.0 20.0 20.0 1.0 -0.6532815098762512 0.27059805393218994 0.27059805393218994 0.6532815098762512
wall 114.14213562011719 20.0 -14.142135620117188 0.9999999403953552 20.0 20.0 -0.6532815098762512 0.27059805393218994 0.27059805393218994 0.6532815098762512
wall 85.85786437988281 20.0 14.142135620117188 0.9999999403953552 20.0 20.0 -0.6532815098762512 0.27059805393218994 0.27059805393218994 0.6532815098762512
wall 100.0 3.5 0.40000128746032715 2.0 0.10000000149011612 2.5 -0.7071068286895752 0.0 0.0 0.7071068286895752