player 20.0 4.0 45.0
portal 9.255708694458008 2.724388599395752 41.64482498168945 0.7064905762672424 -0.7064905762672424 -0.029515203088521957 -0.029515203088521957
portal 8.732571601867676 2.214777946472168 34.693145751953125 0.027300778776407242 -0.027300778776407242 -0.7065795660018921 -0.7065795660018921
wall -35.0 6.0 0.0 50.0 1.0 6.0 -0.5 0.5000000596046448 0.5000000596046448 0.5
wall 35.0 6.0 0.0 50.0 1.0 6.0 -0.5 0.5000000596046448 0.5000000596046448 0.5
wall 0.0 6.0 -50.0 35.0 1.0 6.0 -0.7071068286895752 0.0 0.0 0.7071068286895752
wall 0.0 6.0 50.0 35.0 1.0 6.0 -0.7071068286895752 0.0 0.0 0.7071068286895752
wall 5.0 6.0 -10.0 40.0 0.5 6.0 -0.5 0.5000000596046448 0.5000000596046448 0.5
wall 20.0 -1.0 20.0 15.0 30.0 1.0 -0.7071068286895752 0.0 0.0 0.7071068286895752
wall -15.0 3.5 40.0 20.0 10.0 3.5 -0.7071068286895752 0.0 0.0 0.7071068286895752
wall 11.0 6.0 15.0 6.0 0.5 6.0 -0.7071068286895752 0.0 0.0 0.7071068286895752
wall 29.0 6.0 15.0 6.0 0.5 6.0 -0.7071068286895752 0.0 0.0 0.7071068286895752
wall 17.0 6.0 5.0 12.0 0.5 6.0 -0.7071068286895752 0.0 0.0 0.7071068286895752
wall 22.0 6.0 -5.0 12.0 0.5 6.0 -0.7071068286895752 0.0 0.0 0.7071068286895752